0	0.99989557
1	0.99979115
2	0.99968672
3	0.99958235
4	0.99947798
5	0.99937361
6	0.99926925
7	0.99916488
8	0.99906051
9	0.99895620
10	0.99885190
11	0.99874759
12	0.99864328
13	0.99853897
14	0.99843472
15	0.99833047
16	0.99822623
17	0.99812198
18	0.99801773
19	0.99791354
20	0.99780935
21	0.99770516
22	0.99760097
23	0.99749678
24	0.99739259
25	0.99728847
26	0.99718434
27	0.99708021
28	0.99697608
29	0.99687195
30	0.99676788
31	0.99666381
32	0.99655974
33	0.99645567
34	0.99635160
35	0.99624753
36	0.99614352
37	0.99603951
38	0.99593550
39	0.99583149
40	0.99572748
41	0.99562353
42	0.99551958
43	0.99541563
44	0.99531168
45	0.99520773
46	0.99510378
47	0.99499989
48	0.99489599
49	0.99479210
50	0.99468821
51	0.99458432
52	0.99448049
53	0.99437666
54	0.99427283
55	0.99416900
56	0.99406517
57	0.99396133
58	0.99385756
59	0.99375379
60	0.99365002
61	0.99354625
62	0.99344248
63	0.99333876
64	0.99323505
65	0.99313134
66	0.99302763
67	0.99292392
68	0.99282020
69	0.99271655
70	0.99261290
71	0.99250925
72	0.99240559
73	0.99230194
74	0.99219835
75	0.99209476
76	0.99199116
77	0.99188757
78	0.99178398
79	0.99168038
80	0.99157685
81	0.99147332
82	0.99136978
83	0.99126625
84	0.99116272
85	0.99105924
86	0.99095577
87	0.99085230
88	0.99074882
89	0.99064535
90	0.99054188
91	0.99043846
92	0.99033505
93	0.99023163
94	0.99012822
95	0.99002481
96	0.98992145
97	0.98981810
98	0.98971474
99	0.98961139
100	0.98950803
101	0.98940468
102	0.98930138
103	0.98919809
104	0.98909479
105	0.98899150
106	0.98888820
107	0.98878491
108	0.98868167
109	0.98857844
110	0.98847520
111	0.98837197
112	0.98826873
113	0.98816556
114	0.98806238
115	0.98795921
116	0.98785603
117	0.98775285
118	0.98764968
119	0.98754656
120	0.98744345
121	0.98734033
122	0.98723722
123	0.98713410
124	0.98703104
125	0.98692799
126	0.98682493
127	0.98672187
128	0.98661882
129	0.98651576
130	0.98641276
131	0.98630977
132	0.98620677
133	0.98610377
134	0.98600078
135	0.98589784
136	0.98579490
137	0.98569196
138	0.98558903
139	0.98548609
140	0.98538315
141	0.98528028
142	0.98517740
143	0.98507452
144	0.98497164
145	0.98486876
146	0.98476595
147	0.98466313
148	0.98456031
149	0.98445749
150	0.98435467
151	0.98425186
152	0.98414910
153	0.98404634
154	0.98394358
155	0.98384082
156	0.98373806
157	0.98363537
158	0.98353267
159	0.98342997
160	0.98332727
161	0.98322457
162	0.98312187
163	0.98301923
164	0.98291659
165	0.98281395
166	0.98271132
167	0.98260868
168	0.98250604
169	0.98240346
170	0.98230088
171	0.98219830
172	0.98209572
173	0.98199314
174	0.98189062
175	0.98178810
176	0.98168558
177	0.98158306
178	0.98148054
179	0.98137802
180	0.98127556
181	0.98117310
182	0.98107064
183	0.98096818
184	0.98086572
185	0.98076332
186	0.98066092
187	0.98055851
188	0.98045611
189	0.98035371
190	0.98025131
191	0.98014897
192	0.98004663
193	0.97994429
194	0.97984195
195	0.97973961
196	0.97963732
197	0.97953504
198	0.97943276
199	0.97933048
200	0.97922820
201	0.97912592
202	0.97902369
203	0.97892147
204	0.97881925
205	0.97871703
206	0.97861481
207	0.97851259
208	0.97841042
209	0.97830826
210	0.97820610
211	0.97810394
212	0.97800177
213	0.97789967
214	0.97779757
215	0.97769547
216	0.97759336
217	0.97749126
218	0.97738916
219	0.97728711
220	0.97718507
221	0.97708303
222	0.97698098
223	0.97687894
224	0.97677696
225	0.97667497
226	0.97657299
227	0.97647101
228	0.97636902
229	0.97626704
230	0.97616512
231	0.97606319
232	0.97596127
233	0.97585934
234	0.97575742
235	0.97565556
236	0.97555369
237	0.97545183
238	0.97534996
239	0.97524810
240	0.97514623
241	0.97504443
242	0.97494262
243	0.97484082
244	0.97473902
245	0.97463721
246	0.97453541
247	0.97443366
248	0.97433192
249	0.97423017
250	0.97412843
251	0.97402668
252	0.97392499
253	0.97382331
254	0.97372162
255	0.97361994
256	0.97351825
257	0.97341657
258	0.97331494
259	0.97321332
260	0.97311169
261	0.97301006
262	0.97290844
263	0.97280681
264	0.97270525
265	0.97260368
266	0.97250211
267	0.97240055
268	0.97229898
269	0.97219747
270	0.97209597
271	0.97199446
272	0.97189295
273	0.97179145
274	0.97168994
275	0.97158849
276	0.97148705
277	0.97138560
278	0.97128415
279	0.97118270
280	0.97108132
281	0.97097993
282	0.97087854
283	0.97077715
284	0.97067577
285	0.97057438
286	0.97047305
287	0.97037172
288	0.97027040
289	0.97016907
290	0.97006774
291	0.96996641
292	0.96986514
293	0.96976388
294	0.96966261
295	0.96956134
296	0.96946007
297	0.96935886
298	0.96925765
299	0.96915644
300	0.96905524
301	0.96895403
302	0.96885282
303	0.96875167
304	0.96865052
305	0.96854937
306	0.96844822
307	0.96834707
308	0.96824592
309	0.96814483
310	0.96804374
311	0.96794266
312	0.96784157
313	0.96774048
314	0.96763945
315	0.96753842
316	0.96743739
317	0.96733636
318	0.96723533
319	0.96713430
320	0.96703333
321	0.96693236
322	0.96683139
323	0.96673042
324	0.96662945
325	0.96652848
326	0.96642756
327	0.96632665
328	0.96622574
329	0.96612483
330	0.96602392
331	0.96592307
332	0.96582222
333	0.96572137
334	0.96562052
335	0.96551967
336	0.96541882
337	0.96531802
338	0.96521723
339	0.96511644
340	0.96501565
341	0.96491486
342	0.96481407
343	0.96471334
344	0.96461260
345	0.96451187
346	0.96441114
347	0.96431041
348	0.96420974
349	0.96410906
350	0.96400839
351	0.96390772
352	0.96380705
353	0.96370637
354	0.96360576
355	0.96350515
356	0.96340454
357	0.96330392
358	0.96320331
359	0.96310270
360	0.96300215
361	0.96290159
362	0.96280104
363	0.96270049
364	0.96259993
365	0.96249944
366	0.96239895
367	0.96229845
368	0.96219796
369	0.96209747
370	0.96199697
371	0.96189654
372	0.96179610
373	0.96169567
374	0.96159524
375	0.96149480
376	0.96139437
377	0.96129400
378	0.96119362
379	0.96109325
380	0.96099287
381	0.96089250
382	0.96079218
383	0.96069187
384	0.96059155
385	0.96049124
386	0.96039093
387	0.96029061
388	0.96019036
389	0.96009010
390	0.95998985
391	0.95988959
392	0.95978934
393	0.95968908
394	0.95958889
395	0.95948869
396	0.95938849
397	0.95928830
398	0.95918810
399	0.95908797
400	0.95898783
401	0.95888770
402	0.95878756
403	0.95868742
404	0.95858729
405	0.95848721
406	0.95838714
407	0.95828706
408	0.95818698
409	0.95808691
410	0.95798683
411	0.95788682
412	0.95778680
413	0.95768678
414	0.95758677
415	0.95748675
416	0.95738679
417	0.95728683
418	0.95718688
419	0.95708692
420	0.95698696
421	0.95688701
422	0.95678711
423	0.95668721
424	0.95658731
425	0.95648742
426	0.95638752
427	0.95628762
428	0.95618778
429	0.95608795
430	0.95598811
431	0.95588827
432	0.95578843
433	0.95568860
434	0.95558882
435	0.95548904
436	0.95538926
437	0.95528948
438	0.95518970
439	0.95508999
440	0.95499027
441	0.95489055
442	0.95479083
443	0.95469111
444	0.95459139
445	0.95449173
446	0.95439208
447	0.95429242
448	0.95419276
449	0.95409310
450	0.95399344
451	0.95389384
452	0.95379424
453	0.95369464
454	0.95359504
455	0.95349544
456	0.95339590
457	0.95329636
458	0.95319682
459	0.95309728
460	0.95299774
461	0.95289820
462	0.95279872
463	0.95269924
464	0.95259976
465	0.95250028
466	0.95240080
467	0.95230132
468	0.95220190
469	0.95210248
470	0.95200306
471	0.95190364
472	0.95180422
473	0.95170480
474	0.95160544
475	0.95150608
476	0.95140672
477	0.95130736
478	0.95120800
479	0.95110869
480	0.95100939
481	0.95091009
482	0.95081079
483	0.95071149
484	0.95061219
485	0.95051295
486	0.95041370
487	0.95031446
488	0.95021522
489	0.95011598
490	0.95001674
491	0.94991755
492	0.94981837
493	0.94971919
494	0.94962001
495	0.94952083
496	0.94942164
497	0.94932252
498	0.94922340
499	0.94912428
